0.8703774261986617 0.7207358444293387 0.8348695573894286 0.9034867483495082 
0.8007675110591562 0.6458116491832013 0.7628015207329807 0.7479415881529431 
0.7900404598193527 0.6203044820047036 0.6875386239137323 0.5822991299242191 
0.7362424896403412 0.5922050641454264 0.6166861446936288 0.5035355930871952 
0.8497095132843191 0.6869503320739943 0.7984884117545167 0.8101400495265444 
0.7847903244923864 0.659450449180715 0.7175577376909792 0.6980920431898878 
0.7424140480157155 0.6565106285111373 0.6204267847723978 0.5405368442629435 
0.6987681565561901 0.5635807282157027 0.5375946624131438 0.4309876778185423 
0.7919860976968287 0.7174105008128686 0.6858422792308213 0.6658882923423027 
0.7342578948370636 0.7275104201228499 0.5209998436861308 0.46944018228697854 
0.6875545521788916 0.7479322571962768 0.3651128284511152 0.26915407018815435 
0.648576629506999 0.6814241084578978 0.32634223861825956 0.21056226036544506 
0.7316643502195898 0.7243878841938404 0.5261940942017892 0.4873070068840834 
0.6610806798261842 0.8053030745978518 0.2580424328996973 0.185380832934079 
0.6684365712481507 0.8449615324893653 0.21266663677481837 0.1008547209121092 
0.6064529278331079 0.7194769447968963 0.2057158147796872 0.07905191333902545 
